3.3855438232421875e-05
3.0040740966796875e-05
3.0994415283203125e-05
2.7418136596679688e-05
2.7179718017578125e-05
2.6941299438476562e-05
2.5987625122070312e-05
2.8133392333984375e-05
2.7894973754882812e-05
2.7418136596679688e-05
2.7894973754882812e-05
2.765655517578125e-05
2.8371810913085938e-05
2.8371810913085938e-05
2.765655517578125e-05
2.8133392333984375e-05
3.552436828613281e-05
2.8371810913085938e-05
2.8371810913085938e-05
2.7894973754882812e-05
2.7418136596679688e-05
2.765655517578125e-05
2.7418136596679688e-05
2.7418136596679688e-05
2.7418136596679688e-05
2.86102294921875e-05
2.7418136596679688e-05
2.7179718017578125e-05
2.765655517578125e-05
2.86102294921875e-05
2.6941299438476562e-05
2.7179718017578125e-05
2.86102294921875e-05
2.7894973754882812e-05
2.765655517578125e-05
2.7179718017578125e-05
2.8133392333984375e-05
2.7179718017578125e-05
2.765655517578125e-05
2.765655517578125e-05
2.6941299438476562e-05
2.8133392333984375e-05
2.765655517578125e-05
2.86102294921875e-05
2.8133392333984375e-05
2.7179718017578125e-05
2.765655517578125e-05
2.765655517578125e-05
2.86102294921875e-05
2.6941299438476562e-05
3.24249267578125e-05
2.8371810913085938e-05
2.7418136596679688e-05
3.0994415283203125e-05
3.838539123535156e-05
2.6941299438476562e-05
2.8371810913085938e-05
2.7418136596679688e-05
2.8133392333984375e-05
2.9325485229492188e-05
2.7894973754882812e-05
2.7179718017578125e-05
2.6941299438476562e-05
2.6702880859375e-05
2.7894973754882812e-05
2.7418136596679688e-05
2.7418136596679688e-05
2.8133392333984375e-05
2.6941299438476562e-05
2.86102294921875e-05
2.6941299438476562e-05
2.8133392333984375e-05
2.8133392333984375e-05
2.6941299438476562e-05
2.9087066650390625e-05
2.7179718017578125e-05
2.765655517578125e-05
2.8133392333984375e-05
2.86102294921875e-05
2.765655517578125e-05
2.7418136596679688e-05
2.7418136596679688e-05
2.8133392333984375e-05
2.7418136596679688e-05
2.765655517578125e-05
2.765655517578125e-05
2.8848648071289062e-05
2.8371810913085938e-05
2.765655517578125e-05
2.6941299438476562e-05
2.7894973754882812e-05
2.6702880859375e-05
3.0994415283203125e-05
2.8133392333984375e-05
2.8371810913085938e-05
2.6941299438476562e-05
2.765655517578125e-05
2.765655517578125e-05
3.1948089599609375e-05
2.765655517578125e-05
