2.765655517578125e-05
2.765655517578125e-05
2.765655517578125e-05
2.765655517578125e-05
2.765655517578125e-05
2.765655517578125e-05
2.765655517578125e-05
2.765655517578125e-05
2.765655517578125e-05
2.765655517578125e-05
2.765655517578125e-05
2.765655517578125e-05
2.765655517578125e-05
2.765655517578125e-05
2.765655517578125e-05
2.765655517578125e-05
2.765655517578125e-05
2.765655517578125e-05
2.765655517578125e-05
2.765655517578125e-05
2.765655517578125e-05
2.765655517578125e-05
2.765655517578125e-05
2.765655517578125e-05
2.765655517578125e-05
2.765655517578125e-05
2.765655517578125e-05
2.765655517578125e-05
2.765655517578125e-05
2.765655517578125e-05
2.765655517578125e-05
2.765655517578125e-05
2.765655517578125e-05
2.765655517578125e-05
2.765655517578125e-05
2.765655517578125e-05
2.765655517578125e-05
2.765655517578125e-05
2.765655517578125e-05
2.765655517578125e-05
2.765655517578125e-05
2.765655517578125e-05
2.765655517578125e-05
2.765655517578125e-05
2.765655517578125e-05
2.765655517578125e-05
2.765655517578125e-05
2.765655517578125e-05
2.765655517578125e-05
2.765655517578125e-05
2.765655517578125e-05
2.765655517578125e-05
2.765655517578125e-05
2.765655517578125e-05
2.765655517578125e-05
2.765655517578125e-05
2.765655517578125e-05
2.765655517578125e-05
2.765655517578125e-05
2.765655517578125e-05
2.765655517578125e-05
2.765655517578125e-05
2.765655517578125e-05
2.765655517578125e-05
2.765655517578125e-05
2.765655517578125e-05
2.765655517578125e-05
2.765655517578125e-05
2.765655517578125e-05
2.765655517578125e-05
2.765655517578125e-05
2.765655517578125e-05
2.765655517578125e-05
2.765655517578125e-05
